1.0
1.0999999999999999
1.2
1.3
1.4
1.5
1.5999999999999999
1.7
1.8
1.9
2.0
2.1
2.1999999999999997
2.3
2.4
2.5
2.6
2.6999999999999997
2.8
2.9
3.0
3.1
3.1999999999999997
3.3
3.4
3.5
3.6
3.6999999999999997
3.8
3.9
4.0
4.1
4.2
4.3
4.3999999999999995
4.5
4.6
4.7
4.8
4.8999999999999995
5.0
5.1
5.2
5.3
5.3999999999999995
5.5
5.6
5.7
5.8
5.8999999999999995
6.0
6.1
6.2
6.3
6.3999999999999995
6.5
6.6
6.7
6.8
6.8999999999999995
7.0
7.1
7.2
7.3
7.3999999999999995
7.5
7.6
7.7
7.8
7.8999999999999995
8.0
8.1
8.2
8.299999999999999
8.4
8.5
8.6
8.7
8.799999999999999
8.9
9.0
9.1
9.2
9.299999999999999
9.4
9.5
9.6
9.7
9.799999999999999
9.9
10.0
10.1
10.2
10.299999999999999
10.4
10.5
10.6
10.7
10.799999999999999
10.9
11.0
11.1
11.2
11.299999999999999
11.4
11.5
11.6
11.7
11.799999999999999
11.9
12.0
12.1
12.2
12.299999999999999
12.4
12.5
12.6
12.7
12.799999999999999
12.9
13.0
13.1
13.2
13.299999999999999
13.4
13.5
13.6
13.7
13.799999999999999
13.9
14.0
14.1
14.2
14.299999999999999
14.4
14.5
14.6
14.7
14.799999999999999
14.9
15.0
15.1
15.2
15.299999999999999
15.4
15.5
15.6
15.7
15.799999999999999
15.9
16.0
