22.040000501812894
22.236555821464727
22.471748012076578
22.880120102181053
22.8933095078397
23.378261980052415
23.380737069669365
23.618800726075033
23.948583663945815
23.86190467494896
24.33759932977004
24.180116168672647
24.45126806317953
24.717785372362936
24.514986247587146
24.968369592382857
24.729759611174266
25.003880166392392
25.27598605544896
24.95367485801557
25.361057765965906
25.243374777963545
25.404811654422726
25.9691759240711
26.242178808806717
26.113732721653307
-1.0847279070760627
11.696769878320275
0.03325807119626506
25.787140888870958
26.015958417959666
25.776455777330327
25.239856869240963
25.093703656535453
25.21228805089327
24.812211459177274
25.159866245232593
24.920059208385823
24.67165198526416
24.920920654760394
24.463938244545403
24.65879741745439
24.395687719994132
24.136761503190186
24.306415701741106
23.836794959861137
23.92457990864319
23.59725911579584
23.36459658445582
23.372887723523228
22.8945309117464
22.87496890582147
22.459684420075465
22.229882102722378
22.04410769272453
21.596767407918122
21.413541279977032
20.925778722869186
20.64714554860511
20.230829710833554
19.801833347628556
